003596
003656
003992
004048
004520
004716
004880
004968
005140
005144
005476
006092
006116
006688
006972
020936
021116
021164
021196
021396
021748
021768
022200
022212
022224
022252
022260
022488
022504
022512
022556
022624
022656
023016
023128
023452
024060
024292
024532
024624
050360
050456
050580
050804
050960
051056
051080
051312
051344
051496
051524
051572
051796
051976
052108
052312
052468
052828
052928
053204
053304
053308
053324
053372
053524
053792
053936
054120
054768
054800
055204
055300
055388
055412
055432
055516
055608
055716
055740
056020
079560
079844
079924
080004
080028
080112
085376
085400
085672
085860
086496
086536
086700
086860
086952
086988
087192
087204
087244
087300
087336
087456
087808
087936
088440
088508
088560
088648
088844
089260
089480
089580
089916
090364
090740
090832
090956
091208
117948
118008
118372
118720
118904
118928
119380
128548
128988
129116
129168
129256
129464
129864
129948
130340
130348
130640
130756
131148
131260
131264
148852
148948
148984
149100
149184
149364
149460
149472
149604
149616
149624
149684
149928
149984
150200
150508
150712
150892
151004
151008
151424
151524
151796
151840
152208
153036
161556
161564
161580
161624
161684
161860
161952
162088
162176
162192
162204
162220
162352
162404
162496
162628
162700
163262
163402
163414
163660
163862
163918
164122
164186
174432
174668
174852
174868
174892
175048
175308
175528
175692
175788
176084
176692
176864
176976
177108
177276
177328
177420
200472
200484
201180
201288
201292
201376
201480
202156
202180
202244
208176
208628
208972
209160
209404
209484
211020
211292
211376
211380
211436
211484
226924
226928
227388
227552
228168
228332
228632
228708
228844
228956
229096
229260
229424
229452
229636
229676
229684
229736
229752
248666
248684
248690
248704
248708
248722
248750
248796
248822
248830
248868
248872
248884
248920
248922
248924
248934
248936
248940
248964
248976
248980
248988
249004
249008
249010
249016
249024
249032
249034
249036
249048
249056
249060
249064
249228
249318
249322
249338
249344
249346
249352
249358
249364
249370
249374
249410
249432
249438
249446
249458
249468
249470
249480
249482
249488
249490
249502
249514
249520
249522
249526
249538
249542
249544
249548
249566
249582
249596
249602
249610
249630
249644
249656
249666
249668
249674
249676
249686
249694
249696
249698
249702
249710
249714
249716
249718
249722
249744
249752
249782
249788
249790
249792
249824
249826
249834
249840
249880
249888
249900
263314
263322
263324
263356
263370
263382
263390
263396
263612
263614
263636
263644
263646
263650
263656
263662
263676
263768
263778
263780
263794
263796
263798
263828
263832
263836
263880
263886
263906
263912
263930
263946
263952
263954
263956
263962
263968
263970
263974
263994
264002
264004
264008
264100
264112
264116
264122
264134
264138
264140
264142
264144
264156
264166
264174
264194
264198
264210
264212
264218
264222
264242
264244
264252
264254
264266
264276
264286
264296
264302
264310
264316
264320
264488
264490
264494
264498
264508
264524
264526
264584
264600
264602
264606
264608
264610
264630
264640
264648
264654
264658
264664
264666
264670
264690
264692
264850
264868
264898
268412
268418
268420
268424
268428
268866
268868
268874
268888
268900
268902
268906
268926
268932
268944
268946
268964
268968
268970
268978
268980
268982
268992
269010
269018
269030
269040
269050
269052
269062
269078
269080
269086
269090
269094
269104
269108
269128
269136
269140
269162
269164
269174
269178
269180
269188
269204
269214
269238
269246
003684
003704
003748
003804
003816
003848
003968
003976
004000
004012
004164
004180
004256
004272
004280
004564
004608
004700
004752
004944
005068
005180
005284
005336
005360
005436
005572
005940
005972
006000
006080
006104
006148
006168
006336
006396
006452
006472
006628
006776
006868
006904
006928
006936
006988
007012
007044
007104
007128
007264
020784
020804
020848
020884
020908
020980
021212
021304
021496
021512
021600
021696
021716
021736
021972
021992
022008
022056
022100
022452
022544
022568
022592
022640
022668
022696
022712
022728
022752
022812
022860
022932
022968
023028
023072
023076
023240
023288
023492
023576
023592
023612
023632
023688
023760
023772
023832
023860
023872
023988
024052
024092
024168
024192
024252
024268
024348
024404
024436
024552
024584
024780
024836
024852
024900
024952
050280
050288
050296
050452
050460
050584
050620
050656
050748
050820
050904
050972
050980
051240
051288
051360
051384
051388
051476
051616
051624
051684
051696
051752
051844
051888
051988
052000
052028
052200
052344
052392
052548
052604
052612
052620
052692
052744
052852
052868
052976
052988
052992
053000
053120
053124
053132
053192
053208
053320
053360
053400
053428
053508
053664
053700
053720
053804
053864
053888
053972
054016
054020
054076
054124
054168
054228
054292
054340
054408
054480
054568
054604
054772
054876
054888
054944
054980
055024
055220
055312
055324
055464
055508
055668
055676
055684
055928
055952
056104
056120
056156
056196
056220
056360
079400
079504
079568
079632
079636
079664
079752
079832
079840
079884
079984
080072
080256
080360
080392
080400
085332
085472
085476
085612
085628
085640
085712
085744
085784
085816
085872
085920
085960
086000
086080
086156
086196
086216
086312
086372
086440
086532
086636
086676
086708
086728
086824
087024
087156
087236
087264
087288
087324
087348
087380
087432
087452
087464
087532
087584
087616
087636
087660
087676
087748
087812
087820
087852
087876
087924
087952
088008
088088
088124
088188
088200
088224
088388
088396
088436
088668
088688
088788
088828
089004
089088
089116
089212
089232
089256
089572
089628
089804
089972
090016
090152
090164
090220
090292
090348
090540
090652
090668
090744
090812
090864
090904
090944
090968
090984
091064
091104
117896
117996
118072
118192
118224
118296
118304
118324
118328
118380
118524
118532
118716
118724
118800
118972
119004
119016
119168
119176
119180
119292
119320
119376
128544
128588
128696
128848
128856
128896
128952
129008
129076
129100
129204
129216
129252
129288
129356
129384
129420
129608
129640
129716
129732
129768
129796
129828
130000
130024
130196
130204
130300
130312
130428
130472
130516
130544
130600
130632
130636
130784
130792
130880
130888
130920
130932
130940
131088
131156
131224
131272
131312
131360
131380
131488
131572
148936
149012
149068
149112
149140
149252
149420
149428
149492
149516
149532
149544
149552
149596
149700
149856
149920
149948
150112
150180
150220
150224
150244
150248
150264
150312
150332
150440
150636
150804
150880
150912
150944
150948
150972
151090
151150
151440
151532
151652
151716
151724
151748
151800
151956
152020
152148
152164
152168
152188
152252
152280
152292
152340
152368
152408
152412
152488
152628
152744
152860
152908
152928
152944
153008
161540
161588
161608
161616
161692
161712
161900
161920
161936
162212
162244
162292
162308
162360
162368
162576
162588
162632
162680
162688
162772
162792
162952
163032
163040
163084
163152
163204
163330
163434
163442
163630
163638
163696
163732
163740
163798
163978
172780
172816
172840
174404
174452
174488
174520
174704
174832
174924
175116
175176
175240
175248
175336
175400
175484
175608
175620
176044
176078
176104
176168
176202
176212
176262
176480
176496
176512
176672
176748
176752
176792
176944
176952
177008
177176
200420
200432
200520
200592
200608
200644
200824
200844
200864
200880
200892
200968
201016
201040
201056
201076
201168
201170
201272
201340
201364
201440
201664
201696
201712
201848
201860
201992
202004
202008
202072
202084
202088
202120
202164
202236
202312
202336
208320
208328
208396
208492
208520
208636
208672
209016
209080
209132
209144
209212
209272
209304
209396
209424
209456
209520
209568
209692
209720
209784
209818
209824
209844
209908
209928
210012
210068
210080
210092
210132
210144
210256
210304
210384
210524
210640
210680
210764
211028
211088
211304
211312
211328
211372
211420
211572
211676
211716
211792
211836
211880
211952
211968
226736
226740
226848
226896
226904
226920
226956
226988
227068
227088
227136
227288
227300
227380
227460
227584
227588
227684
227696
227712
227728
227732
227808
227820
227872
227896
227908
227968
227996
228052
228108
228136
228148
228176
228200
228232
228356
228436
228484
228508
228560
228648
228668
228748
228872
228888
229080
229092
229156
229192
229196
229216
229428
229464
229516
229568
229708
229796
229812
246464
246476
246480
246500
246528
246568
246604
246636
246648
246676
246712
246744
248676
248682
248688
248712
248716
248754
248756
248764
248794
248798
248800
248812
248818
248824
248828
248834
248878
248880
248886
248930
248932
248944
248946
248948
248958
248960
248962
248966
248974
248984
248994
248998
249000
249002
249014
249018
249022
249026
249030
249040
249046
249050
249052
249066
249070
249328
249330
249348
249350
249362
249366
249380
249394
249404
249408
249414
249416
249424
249430
249442
249444
249452
249476
249496
249500
249512
249516
249540
249546
249550
249552
249556
249574
249576
249578
249586
249588
249594
249608
249614
249618
249620
249622
249624
249626
249628
249636
249640
249646
249648
249650
249654
249658
249664
249684
249690
249692
249728
249732
249734
249736
249738
249740
249750
249760
249762
249768
249770
249780
249794
249800
249810
249814
249818
249820
249830
249846
249848
249852
249854
249856
249860
249862
249874
249882
249884
249892
263312
263362
263364
263374
263380
263386
263388
263392
263626
263628
263648
263652
263660
263668
263672
263770
263772
263792
263802
263804
263820
263822
263830
263868
263870
263872
263884
263898
263900
263910
263918
263926
263928
263932
263938
263950
263960
263972
263976
263980
263982
263986
264000
264006
264010
264012
264096
264098
264106
264110
264114
264118
264130
264150
264152
264154
264162
264168
264172
264176
264182
264184
264188
264192
264208
264226
264230
264232
264234
264238
264256
264274
264292
264294
264300
264304
264308
264324
264328
264332
264492
264502
264504
264520
264528
264534
264592
264598
264614
264616
264628
264634
264642
264662
264668
264672
264676
264678
264686
264688
264702
264706
264848
264854
264858
264860
264862
264902
268414
268426
268860
268864
268870
268876
268878
268880
268882
268890
268894
268908
268914
268920
268924
268928
268930
268938
268942
268948
268954
268960
268962
268972
268984
268986
268988
269012
269014
269020
269022
269026
269032
269034
269042
269048
269056
269064
269068
269070
269084
269096
269110
269120
269126
269130
269132
269138
269154
269160
269192
269194
269196
269200
269206
269208
269216
269220
269222
269224
269232
269234
269252
269254
269258
000136
000325
000638
000817
001008
001462
001536
001553
001841
002030
002092
002241
003477
003545
003628
003663
003691
004588
006024
007528
008021
008213
008658
008882
009123
009456
009648
009737
009855
010028
010274
010320
011005
011084
011311
011551
012136
012390
012634
015596
015683
016214
016351
016356
016534
016651
016790
016856
017028
017207
017212
017238
017667
017684
017839
017860
017963
018885
018912
018944
019027
019036
019106
019194
019370
021701
021957
022805
022912
023003
023050
023250
023365
023379
023896
023910
024742
024786
024795
024892
025052
025059
025094
025560
025653
025790
026609
026730
027175
028124
028864
028946
029485
029497
029763
029776
029836
029978
030117
030142
030167
030173
030191
030225
030523
030731
031081
031187
031221
031349
031405
031772
031951
032239
032254
032317
032350
032470
032538
032768
032797
032919
032957
033115
033157
033216
033771
033857
033927
034414
034488
035002
035249
035442
035552
035971
036456
036864
036896
036952
036958
037004
037019
037775
037882
038576
039133
039421
039446
039891
040332
040842
040972
041067
042534
042752
042808
044020
044553
044755
045406
045433
045507
045735
045990
045991
046263
046351
046543
046645
046778
046795
046810
046900
047110
047112
047187
047243
047488
047641
047689
047733
047860
048129
048171
048692
048759
048788
048821
048865
049048
049059
049068
049069
049090
049725
049768
049984
050166
050265
050273
050424
050428
050590
050594
050598
050753
051475
051600
051633
052159
053805
053873
053924
053961
054195
054229
054373
054546
054583
054632
055014
055409
055552
055594
055642
055679
055999
056184
056495
056518
056629
056817
057253
057670
058299
058885
058898
058900
058910
058922
058923
058941
058946
058996
059027
059050
059052
059053
059090
059145
059179
059248
059249
059313
059336
059395
059420
059583
059659
059662
059815
059899
059909
059984
060022
060089
060258
060283
060328
060523
060585
060714
060778
060828
060864
060894
060952
060963
061023
061263
061305
061380
061399
061407
061426
061433
061434
061459
061464
061486
061623
061642
061724
062001
062035
062082
062083
062094
062131
062154
062201
062221
062284
062305
062545
062827
062904
062996
063142
063271
063278
063828
064045
064189
064222
064226
064345
064375
065305
066068
066318
066567
066680
066866
067186
067189
067203
067275
067289
067321
067326
067331
067344
067355
067383
067386
067418
067421
067454
067490
067628
067629
067734
067749
067763
067774
067817
067827
067853
067886
067996
068021
068058
068090
068097
068107
068154
068276
068430
068449
068515
068553
068570
068738
068799
068854
068863
068897
068976
069061
069318
069344
069376
069379
069382
069385
069388
069392
069393
069394
069399
069400
069418
069427
069447
069466
069498
069510
069520
069522
069528
069534
069539
069560
069561
069575
069581
069899
069927
070067
070082
071636
074743
074753
074765
074771
074774
074805
074807
074812
074813
074823
074848
074868
074872
074878
074886
074891
074985
075111
075114
075120
075179
075197
075250
075333
075467
075481
075936
076036
076047
077700
077798
077883
078375
078403
078411
078430
078437
078461
078526
078527
078752
078973
079370
081436
081457
081778
081979
081994
082010
082055
082194
082312
082327
082575
082615
082962
082996
083069
083083
083342
083515
083530
083552
083554
083559
083680
083757
083785
083818
083883
083947
083966
084322
085280
085377
085449
085486
085560
085577
085607
085669
086429
088141
088245
088832
088886
089506
090096
090877
090948
090982
090995
091069
091076
091111
091132
091140
091221
091575
094492
095080
095413
095417
095454
095870
095912
097693
097805
098595
098772
099326
099683
099894
100039
100384
101391
101601
102296
102379
102448
102822
103310
103764
104064
104223
104438
104807
104823
105019
105199
105294
105426
106420
106514
106551
106661
107216
107236
107748
108265
108876
108893
108978
109074
109130
109311
109329
109406
109510
109649
109871
109881
109885
109887
109889
109890
109932
109933
109989
110004
110016
110086
110129
110194
110357
110528
110555
110702
110755
110808
111011
111079
111118
111330
111385
111673
111674
111696
111721
112133
112336
112434
112525
112569
112932
112971
113042
113051
113078
113082
113125
113162
113187
113233
113368
113411
113413
113448
113451
113472
113485
113555
113559
113628
113629
113630
113634
113635
113636
113637
113639
113642
113643
113662
113680
113709
113903
114121
114212
114270
114285
114287
114327
114332
114338
114341
114351
114357
114368
114372
114510
114586
114641
114785
114811
114823
114900
114933
114941
114956
114957
114968
115560
115561
115562
115563
115564
115565
115566
115567
115568
115569
115570
115571
115572
115573
115574
115575
115577
115578
115584
115585
115587
115591
115594
115597
115608
115609
115616
115620
115630
115632
115634
115635
115643
115651
115660
115661
115667
115668
115669
115670
115671
115672
115673
115674
115675
115676
115677
115678
115679
115691
115727
115730
115737
115740
115774
115776
115799
115812
115828
115862
115938
116138
116550
116568
116584
116592
116606
116742
116932
116984
117361
117645
117691
117706
117726
117734
117747
117858
118194
118615
118616
118618
118620
118622
118626
118631
118641
118642
118644
118647
118648
118649
118651
118654
118655
118657
118660
118665
118666
118938
120092
120440
120454
120545
120565
120623
120644
120927
120974
120979
121002
121027
121107
121127
121285
121319
121341
121361
121366
121372
121378
121380
121382
121383
121390
121391
121401
121577
121579
121827
121861
121868
121879
121889
121907
121908
121956
121985
122078
122143
122156
122163
122502
122913
122954
123031
124099
124281
124682
125050
125236
125816
126048
126245
126404
126586
126712
126731
126764
126770
126803
126911
127528
127542
127590
127981
128361
128513
129895
129965
130747
130844
130977
131067
131105
131127
131623
131766
131804
132861
132903
133420
133488
133987
134078
134138
134217
134567
134826
134862
135427
135489
135503
135511
135791
136169
136348
136413
136572
136803
137596
138463
138513
138516
138630
138946
138957
139322
139845
140390
140691
140742
141209
141238
141328
141540
141783
141841
142127
142161
142389
142419
143629
143901
144863
145064
145356
145439
145644
145966
146064
146804
146877
147058
147179
147445
147447
147461
147462
147635
147685
148301
148307
148318
148329
148413
148424
148434
148444
148488
148634
148685
148790
148804
148813
148840
148916
148936
148980
149026
149148
149217
149271
149316
149529
149694
150092
150111
150611
150696
150990
151057
151059
151062
151277
151380
152253
152548
152644
152662
152886
152917
152939
152965
152986
153738
154432
154564
154931
155387
155678
155838
155983
156002
156049
156083
156104
156119
156131
156138
156148
156411
156412
156617
156632
156700
156711
156722
157045
157230
157254
157287
157311
157316
157450
157545
157669
157717
157745
158452
158773
159511
159547
159554
159996
160313
160322
160470
160570
160838
160914
161236
161283
161838
162316
162667
163617
163685
165422
165968
167038
167335
168813
169261
169437
169858
170396
170410
170433
170442
171010
171189
171447
171497
171588
171606
171619
171620
171621
171629
171640
171670
171682
171706
171716
171727
171732
171819
171830
171834
171878
172102
172389
172405
172455
172648
172721
172787
172796
172798
172821
172835
172862
172881
172971
173291
173442
173487
174573
174687
174758
174814
175283
175844
175891
176062
176110
176203
176206
176465
176691
176761
176771
176908
177030
177075
177091
177628
177633
177843
177981
178081
179375
179721
180035
180286
180289
180394
180396
180784
180833
180865
181100
181318
181328
181331
181337
181373
181426
181636
181640
181647
181661
181725
181731
181834
181866
182061
182192
182195
182370
182391
182723
182962
183120
183295
183352
183354
183489
183563
183576
183886
184029
184104
184105
184108
184120
184139
184149
184153
184156
184170
184174
184179
184468
184496
184588
184691
184797
185569
185987
186177
186835
187044
187324
187423
187532
187577
187989
187999
188145
188305
188875
189077
189669
189868
190276
190292
190317
190324
190328
190383
190386
190413
190423
190433
190446
190456
190474
190507
190513
190524
190544
190548
190559
190560
190638
190640
190663
190664
190682
190752
190804
190879
190918
190973
190997
191008
191032
191033
191052
191151
191205
191216
191315
191364
191365
191366
191367
191423
191511
191512
191602
191653
191740
191762
191863
191883
191895
191963
191980
191982
191985
191991
191996
192002
192005
192006
192009
192093
192168
192202
192274
192380
192397
192408
192457
192598
192640
192683
192685
192712
192719
192739
192753
193102
193931
195134
195160
195226
195429
195637
195928
196079
196483
197130
197131
197134
197138
197143
197145
197149
197152
197156
197157
197162
197164
197165
197166
197167
197176
197182
197190
197197
197200
197208
197247
197260
197279
197290
197329
197376
197379
197381
197394
197412
197425
197468
197514
197918
198382
198531
198617
198635
198639
198644
198845
198852
198857
198965
198997
199069
199103
199301
199364
199368
199476
199504
199706
199853
200447
200463
200464
200468
200524
201195
201213
201214
201221
201223
201228
201231
201356
201362
201436
201957
202047
202157
202575
202751
202776
204555
204693
204947
205109
205122
205135
205188
205561
205575
205908
205953
206057
206078
206095
206333
206388
206545
206560
206758
207033
207253
207307
207311
207639
207858
208025
208035
208102
208112
208187
208256
208396
208770
208950
210229
210282
210807
210824
210850
210944
210958
211019
211028
211035
211125
211266
211527
211587
211686
212017
212106
212358
212512
212758
214351
214511
215042
215048
215203
215246
215429
215563
215855
215883
215994
216193
216195
216196
216216
216220
216255
216273
216332
216382
216424
216684
217110
217230
217251
217444
217455
217586
217683
217716
218008
218011
218031
218035
218071
218080
218129
218141
218147
218189
218200
218204
218211
218334
218440
218465
218554
218642
218797
219543
219821
220014
220474
220658
220972
221022
221031
221077
221348
221451
221582
221763
223642
224167
224185
224403
224462
224534
224670
224816
224833
224993
225024
225025
225027
225029
225031
225032
225034
225035
225036
225037
225129
225237
225380
225409
225453
225491
225955
225995
226013
226022
226110
226329
226726
227285
227519
227926
228069
228196
228210
228226
228317
228530
228609
228706
228713
229694
229761
229831
229849
230094
230163
230261
230543
230557
230608
231014
231845
231958
232044
232045
232046
232047
232049
232061
232137
232142
232192
232297
232301
232304
232318
232532
232586
232620
232657
232788
232874
232971
232976
232994
232996
233034
233046
233075
233225
233233
233293
233331
233498
233852
233958
233999
234039
234314
234499
234844
234918
235154
235201
235621
235781
235786
235791
235792
235793
235799
235816
235833
235840
235841
235865
235876
235895
235897
235898
235900
236275
236299
236563
236769
237034
237165
237704
237805
238129
238143
238199
238364
238370
238470
238501
238543
238546
238553
238576
238577
238579
238601
238673
238711
239012
239058
239063
239209
239228
239264
239271
239285
239315
239322
239356
239359
239378
239476
239564
239675
239701
240574
241051
241277
241355
241523
241541
241550
241564
241565
241566
241567
242059
242158
242353
242409
242536
242556
243369
243397
243657
243770
244037
244072
244085
244086
244089
244153
244163
244217
244250
244280
244281
244492
244578
244813
245012
245157
245763
245791
246184
246216
246231
247010
247017
247029
247064
247154
247180
247252
247362
247525
248060
248245
248274
248392
248799
248847
248895
249280
249290
249528
250252
251229
252124
252254
252549
253017
253100
254026
254036
254050
254173
254789
254836
255540
256433
256552
256553
256554
256622
256703
257194
258083
258122
258123
258124
258125
258126
258127
258128
258129
258176
258184
258322
258394
258421
258572
258630
258853
258865
258983
259378
259427
259501
259621
259655
259741
259806
260060
260241
260571
260674
260745
260790
260953
261037
261423
261551
261912
262005
262119
262795
262991
263198
263333
263435
264314
264505
264542
264728
264741
265250
265370
265806
266101
266335
266588
266676
266679
266862
266937
266974
267338
267480
267578
267636
267734
267797
267810
267851
268049
268056
268057
268063
268077
268115
268142
268262
268280
268351
268396
269440
269530
269569
269570
269571
269572
269575
269594
269630
269644
269660
269717
269724
270072
270216
270823
271242
271317
271398
271404
272228
272229
272795
272907
272952
273122
273161
273279
273332
273444
273852
274054
274262
274273
274274
274279
274280
274281
274282
274307
274313
274318
274334
274335
274376
274387
274674
274760
274813
274840
274878
275106
275137
275152
275160
275352
275439
276102
276184
276358
276661
276915
277044
277946
278061
278086
278129
278241
278270
278486
278535
278616
278619
278629
278850
279204
279293
279320
